"Subject" "Activity" "total_acc_z.mean" "total_acc_z.sd" "total_acc_y.mean" "total_acc_y.sd" "total_acc_x.mean" "total_acc_x.sd" "body_gyro_z.mean" "body_gyro_z.sd" "body_gyro_y.mean" "body_gyro_y.sd" "body_gyro_x.mean" "body_gyro_x.sd" "body_acc_z.mean" "body_acc_z.sd" "body_acc_y.mean" "body_acc_y.sd" "body_acc_x.mean" "body_acc_x.sd"
1 1 1.6721938292643 1.8300242712035 1.98891782754738 2.14431249766954 2.08390900532862 2.0037321153538 1.81309986146853 1.71282183607354 1.60707933422374 1.49081705449835 1.36018272993204 1.22751481229145 1.0817571793928 0.930101832470198 0.756095448953003 0.568366729810901 0.35765956331404 0.15524050551189
1 2 6.26869315224183e-35 6.26869315040227e-35 6.26869315040227e-35 6.26869315040227e-35 6.26869315040227e-35 6.2686931504023e-35 -0.0677966101694915 -0.0677966101694915 -0.0677966101694915 -0.0677966101694915 -0.0677966101694915 -0.0677966101694915 -0.0677966101694915 -0.0677966101694915 -0.0677966101694915 -0.0677966101694915 7.25317086165309e-35 7.25317086165309e-35
1 3 -0.0689655172413793 -0.0689655172413793 -0.0689655172413793 -0.0689655172413793 -0.0689655172413793 -0.0689655172413793 -0.0689655172413793 -0.0689655172413793 -0.0344827586206897 1.6072927381698e-34 1.60730551243907e-34 2.21138912056742e-34 2.21138912056742e-34 1.40768327055544e-34 1.14242993617384e-34 1.14242993617384e-34 1.14242993617384e-34 1.14242993617384e-34
1 4 7.449451477145e-35 7.44945147714497e-35 7.44945147714497e-35 7.44945147714497e-35 7.4494514770714e-35 7.4494514770714e-35 1.58470023026875e-44 1.58470023026875e-44 1.58470022998699e-44 1.58470022998699e-44 1.58470022966995e-44 1.58470022966995e-44 1.58470022998644e-44 3.1649086434111e-54 1.58439802938989e-44 1.58439802938989e-44 1.58439802938989e-44 1.58439802938989e-44
1 5 1.11335358955836e-39 1.11335358955837e-39 1.45897106515351e-44 1.45897106515351e-44 1.4589710654744e-44 1.45900062907878e-44 7.29371792554195e-35 7.29371792554198e-35 7.29371792554195e-35 7.29371792554195e-35 7.29371792554195e-35 1.28665226169653e-34 1.28665226169653e-34 1.87778434835501e-34 1.87778434835501e-34 1.14841255597877e-34 1.14841255597877e-34 -0.0357142857142857
1 6 8.51201864893838e-35 8.51201864893838e-35 8.51201864893838e-35 8.51201864893838e-35 8.51201864719007e-35 8.51201864719005e-35 1.66887739708255e-34 1.66887739708255e-34 1.66887739693928e-34 8.17675532363548e-35 -0.0701754385964912 -0.0701754385964912 -0.0701754385964912 -0.0701754385964912 -0.0701754385964912 -0.0701754385964912 -0.0701754385964912 -0.0701754385964912
1 7 -0.0701754385964912 -0.0701754385964912 -0.0701754385964912 -0.0701754385964912 -0.0701754385964912 -0.0701754385964912 -0.0701754385964912 -0.0701754385964912 7.16707767562091e-35 7.16707767562091e-35 7.16707767379516e-35 7.16716633161355e-35 7.16716633161353e-35 7.16716633161353e-35 7.16716633161353e-35 1.43263094185406e-34 1.43263094185406e-34 7.1593359698196e-35
1 8 8.10195637572149e-35 8.10195637572149e-35 1.66049131777885e-34 1.66049131777885e-34 1.66049131777885e-34 1.66049131777885e-34 1.70045262036014e-34 1.70045262036014e-34 1.70045262036014e-34 8.50147026730827e-35 8.50147026730827e-35 8.50147026730827e-35 8.50147026966246e-35 8.50147026966246e-35 2.35418140886349e-44 4.42919361286374e-44 1.29918547146385e-39 1.29918547146385e-39
1 9 2.17066707489984e-34 2.17066707504809e-34 2.1706670752656e-34 2.1706670752656e-34 1.49644635333506e-34 8.96155183807004e-35 7.85043275720072e-35 7.85043275720072e-35 7.85043275720072e-35 7.85043275571817e-35 7.85057525768029e-35 7.85057525768029e-35 7.85057525768026e-35 1.42504137230504e-39 1.42504137230504e-39 1.42504137230505e-39 1.42504137230504e-39 1.42505792588285e-39
1 10 1.83159396796298e-34 1.83159396796298e-34 2.41999276211157e-34 2.41999276211157e-34 3.29895601625932e-34 2.38322917408993e-34 2.38322917430303e-34 2.38322917451644e-34 1.4673620491154e-34 1.4673620491154e-34 8.78963255104077e-35 7.43177959002207e-44 7.43177959002207e-44 5.6377844889193e-44 3.50668844663812e-44 3.50668844663811e-44 1.37261923598304e-44 1.00981346023707e-39
1 11 8.22872737353435e-35 8.22863666263481e-35 8.22863666263481e-35 8.06321910118459e-40 8.06339539782626e-40 8.06339539782626e-40 6.92548669359925e-35 6.92540606140826e-35 6.92553169703749e-35 6.92553169703749e-35 6.92553169703747e-35 6.92553169703747e-35 1.41786565771438e-34 1.41786565753808e-34 7.25325051573553e-35 7.25325051573553e-35 -0.0677966101694915 -0.0677966101694915
1 12 1.07109639423358e-39 2.37727355639532e-39 2.37727355639532e-39 2.37727355663085e-39 7.78701904190193e-35 7.7869119337147e-35 7.7869119337147e-35 -0.04 -0.08 -0.08 -0.08 -0.08 -0.08 -0.08 -0.08 -0.08 1.48046121773706e-39 1.48046121773706e-39
1 13 -0.0701754385964912 -0.0701754385964912 -0.0701754385964912 -0.0701754385964912 -0.0701754385964912 -0.0701754385964912 1.97959996973487e-39 6.82136998331411e-35 6.8214793643805e-35 6.8214793643805e-35 6.8214793643805e-35 1.43277593763972e-34 1.43277593763972e-34 1.43277593763972e-34 1.43277593763972e-34 1.43276706983602e-34 1.43276706997919e-34 7.50638939626195e-35
1 14 5.29205781270267e-35 5.29205781416103e-35 5.29205781416103e-35 5.29196208358948e-35 5.2919620835895e-35 3.22285752274969e-44 3.22285752239195e-44 3.22285752282047e-44 7.89701691317102e-35 7.89712742935473e-35 7.89712743081339e-35 7.89712743081339e-35 7.89712743081339e-35 7.89712743081337e-35 7.89712743081334e-35 7.89712743081334e-35 7.89712743081334e-35 7.89712743272801e-35
1 15 7.55686241857669e-35 7.55686241857669e-35 7.55686241857669e-35 7.55686241857666e-35 7.55686241857666e-35 1.51263018271542e-44 1.9551154163438e-63 1.95511541634381e-63 1.95511541615301e-63 1.95511541615301e-63 8.203619600063e-64 9.91527413976289e-40 9.91527413976289e-40 5.78069173280021e-35 5.78069173280021e-35 5.78069173280021e-35 -0.0740740740740741 -0.0740740740740741
1 16 1.1649145965796e-39 1.1649145965796e-39 1.16491459656602e-39 8.00449098092113e-35 8.0043744938067e-35 -0.0784313725490196 -0.0784313725490196 -0.0784313725490196 -0.0784313725490196 -0.0784313725490196 -0.0784313725490196 -0.0784313725490196 -0.0784313725490196 2.7319692243335e-39 1.3361623518496e-39 1.33618274699143e-39 1.33618274699143e-39 6.49245914907139e-35
1 17 NA NA NA NA NA NA NA NA NA 7.00911244163834e-35 1.21226390887551e-34 1.72423467916147e-34 1.72423467931005e-34 1.72423467931005e-34 1.72423467917617e-34 1.72423467900568e-34 1.72423467900568e-34 1.72423467917614e-34
1 18 5.91805886895192e-35 1.35489704771738e-34 1.35489704771738e-34 1.3548970475317e-34 1.3548970475317e-34 1.3548970475317e-34 7.6309116095203e-35 1.52658639782747e-34 1.52658639782747e-34 -0.0714285714285714 -0.0714285714285714 -0.0714285714285714 -0.0714285714285714 -0.0714285714285714 -0.0714285714285714 -0.0714285714285714 -0.0714285714285714 -0.0714285714285714
1 19 -0.0769230769230769 -0.0384615384615385 2.22578230921299e-39 2.22578230921299e-39 1.14114864804873e-39 1.14114864804873e-39 1.39867235576616e-44 1.39867235576616e-44 8.95862442440894e-35 8.95862442440894e-35 8.95862442440894e-35 8.95862442440894e-35 8.95862442440894e-35 8.95862442440894e-35 8.95876123149578e-35 8.95876123149578e-35 8.95876123149581e-35 1.36808485539094e-39
1 20 7.25055985789494e-35 9.91104838881738e-40 9.91104838881738e-40 9.9110483922014e-40 9.9110483922014e-40 9.91104839558177e-40 9.91104839233185e-40 2.21404578494262e-39 3.49258673673208e-39 2.50148189817534e-39 2.50148189817534e-39 2.50148189813488e-39 2.50148189779684e-39 2.50148189779684e-39 2.50148189779685e-39 2.50148189779685e-39 1.27854095208741e-39 -0.0784313725490196
1 21 1.45970141043957e-34 1.45970141028242e-34 -0.0769230769230769 -0.0769230769230769 -0.0769230769230769 -0.0769230769230769 -0.0769230769230769 -0.0769230769230769 -0.0769230769230769 -0.0384615384615385 1.42201585618888e-58 2.08753183259479e-44 2.0875318325948e-44 2.08756104383733e-44 2.08756104383732e-44 2.08756104383732e-44 7.10822686266623e-35 7.10835797575771e-35
1 22 3.61667540190404e-39 3.61667540190404e-39 3.61667540190404e-39 5.22609540410751e-39 3.99799237242655e-39 2.77166173649341e-39 1.60944359655173e-39 1.60946232452302e-39 1.60946232452302e-39 1.60946232452302e-39 1.2910278534406e-39 1.2910278534406e-39 1.29100425909235e-39 1.29100425909235e-39 1.29100423612633e-39 1.2910288091581e-39 1.2910288091581e-39 1.29102880948831e-39
1 23 1.10537327412362e-39 1.10537327412362e-39 1.10537327412362e-39 2.0130675139124e-39 0.00761851662045634 0.00810084883062144 -0.0709092160846328 -0.0709092160846328 -0.0709092160846328 -0.0709092160846328 -0.0709092160846328 -0.0709092160846328 -0.0709092160846328 -0.0785277327050891 -0.0743599903389831 -0.0757710728813559 2.41039114637426e-39 2.41039114637426e-39
1 24 6.3833719775418e-35 6.3833719775418e-35 6.3833719775418e-35 6.3833719775418e-35 6.38337197605648e-35 6.38337197605648e-35 6.3832595541915e-35 1.32948544783066e-44 8.37303207507971e-35 8.37303207507971e-35 8.37303207507971e-35 8.37303207507971e-35 8.37303207507971e-35 8.37303207507971e-35 1.54139300693903e-34 2.37830708301435e-34 2.37830708301435e-34 1.54101664789837e-34
1 25 0.0133736218149966 0.0133736218149966 0.0133736218149966 0.0133736218149966 0.0133736218149966 0.0133736218149966 -0.0136534052120304 -0.0136534052120304 -0.0136534052120304 -0.0136534052120304 -0.027027027027027 -0.0190176715614235 -0.0190176715614235 -0.0190176715614235 -0.0190176715614235 -0.0190176715614235 -0.0190176715614235 -0.0190176715614235
1 26 1.35206387286088e-34 6.59268248299597e-35 6.59258175145324e-35 6.59258175145324e-35 6.59269730852679e-35 6.59269731044352e-35 1.35194841362326e-34 1.97945529859437e-34 1.32020619668407e-34 1.32020619650774e-34 1.32020619650774e-34 1.32020619650774e-34 1.32019464080039e-34 1.32019464080039e-34 -0.00196485297154572 -0.069945122857215 -0.069945122857215 -0.069945122857215
1 27 -0.0282559980425918 -0.0282559980425918 -0.0306709063680548 0.00119192172822798 -0.0338958080271644 -0.0338958080271644 -0.0338958080271644 -0.0338958080271644 -0.0338958080271644 -0.0338958080271644 -0.0338958080271644 -0.0338958080271644 -0.0350877297553924 1.0416695443137e-39 1.0416512899787e-39 2.03275042111681e-39 2.03275042111681e-39 2.03275042111682e-39
1 28 8.63956023860644e-35 1.81745164953579e-39 1.81745164953579e-39 9.36040974208594e-40 9.36055260291444e-40 9.3605525998476e-40 1.87315913823433e-39 9.37118164651885e-40 8.63253894417128e-35 8.63253894417128e-35 8.63253894417128e-35 8.63253894417128e-35 8.63262712657576e-35 8.63262712657578e-35 -0.000266811775940452 -0.000266811775940452 -0.0678164510539279 -0.0678164510539279
1 29 -0.0703170766245644 -0.0703170766245644 -0.0703170766245644 -0.071320263844616 -0.071320263844616 6.25311671744651e-35 -0.0366824616170495 -0.0366824616170495 -0.0366824616170495 -0.0366824616170495 -0.0366824616170495 -0.0366824616170495 -0.0366824616170495 -0.0377358603029692 -0.0377358603029692 1.18525262837449e-58 1.18525262853691e-58 3.58535144329141e-54
1 30 0.00892085801625503 0.0440342590069544 0.0520486224012881 0.047015786328568 0.0498139864550188 0.0515349345711562 0.0518379328342585 0.0454507369261522 0.0412419479626876 0.0399001500999126 0.0928077716308718 0.096705908750972 0.0903817837269834 0.0929224548073343 0.127096451424922 0.133285773839228 0.138844097355524 0.116692270460324
2 1 1.06011640537038 0.718546104037536 0.353534580261077 -0.0293430165686421 -0.0338519833946851 -0.0098432028752843 -0.00707723499105572 -0.0789012612675362 -0.0790817009923515 -1.03511805732378e+302 -1.03511805732378e+302 -1.03511805732378e+302 -1.03511805732378e+302 -1.03511805732378e+302 -1.03511805732378e+302 -1.03511805732378e+302 NA NA
2 2 -0.0833333333333333 -0.0833333333333333 -0.0833333333333333 -0.0833333333333333 -0.0833333333333333 -0.0833333333333333 8.91535585078189e-35 8.91535585078192e-35 8.91535584917363e-35 8.91535584917363e-35 8.91525042461255e-35 8.91525042461255e-35 9.93259226255329e-40 2.29168108723949e-39 2.29168108723949e-39 2.29168108699437e-39 2.29168108699437e-39 2.29168108699437e-39
2 3 1.58005048837031e-34 1.58006304612654e-34 1.58006304612654e-34 2.17390794903238e-34 1.38382423207145e-34 1.12306671691665e-34 1.12306671691665e-34 1.12306671691665e-34 1.12306671691665e-34 1.12305615150861e-34 1.12304359375238e-34 5.29198690846545e-35 1.25400014545173e-34 1.25400014530572e-34 7.24801454758654e-35 7.24801454758654e-35 7.24801454758654e-35 7.24801454758654e-35
2 4 1.8285002653696e-44 1.82850026500379e-44 1.82850026500379e-44 1.82850026500379e-44 3.65181766547435e-54 3.65181766462373e-54 1.82815157237295e-44 1.82815157237295e-44 1.82815157237295e-44 1.82815157237295e-44 1.82817421478168e-44 1.82817421478168e-44 3.31206711265126e-44 3.31206711265126e-44 3.48588201832232e-44 5.99855439077048e-35 5.99855439077048e-35 5.99855439077048e-35
2 5 8.69038731553934e-35 8.69038731553934e-35 8.69038731553934e-35 8.69038731553934e-35 1.5330324820214e-34 1.53303248202139e-34 1.36832134308182e-34 1.36832134308182e-34 1.36832134329385e-34 1.36832134329385e-34 -0.0851063829787234 -0.0851063829787234 -0.0851063829787234 -0.0851063829787234 -0.0851063829787234 -0.0851063829787234 -0.0851063829787234 -0.0425531914893617
2 6 9.13872653818083e-35 9.13872653818083e-35 -0.0784313725490196 -0.0784313725490196 -0.0784313725490196 -0.0784313725490196 -0.0784313725490196 -0.0784313725490196 -0.0784313725490196 -0.0784313725490196 2.13844063323125e-34 2.13845111373206e-34 2.13845111373206e-34 2.13845111351053e-34 1.33698224621311e-34 7.24918363528267e-35 2.49968203260467e-39 2.49968203260467e-39
2 7 8.01026328451748e-35 8.01026328247694e-35 8.01026328247694e-35 8.01036237062691e-35 8.01036237062688e-35 8.01036237062688e-35 8.01036237062688e-35 8.00149430295083e-35 8.00161078979838e-35 8.00161078979838e-35 1.48730620598713e-34 1.48729629717213e-34 1.48729629717214e-34 1.48729629717214e-34 1.48729629735874e-34 6.87156775878657e-35 1.4495341175613e-34 1.44952246902774e-34
2 8 1.99077379944602e-34 1.99077379944602e-34 9.95294080075115e-35 9.95294080075115e-35 9.95294080075115e-35 9.95294080075115e-35 2.75611482013287e-44 2.75611482013287e-44 5.18539740042585e-44 5.18539740042585e-44 1.5209976251284e-39 1.5209976251284e-39 1.5209700639802e-39 1.5209700639802e-39 1.52097006398021e-39 1.5209457711544e-39 4.63964867060025e-54 4.63974655729086e-54
2 9 8.3310714974375e-35 8.33107149586418e-35 8.3310714935559e-35 8.33122272243623e-35 8.3312227224362e-35 8.3312227224362e-35 1.51228880326249e-39 1.51228880326249e-39 1.51228880326249e-39 1.51230637032466e-39 1.75670621723594e-44 1.75670621723594e-44 1.75670621723594e-44 7.94874207447869e-35 7.94874207447869e-35 7.94874207447869e-35 1.58928900999328e-34 1.58930352128666e-34
2 10 1.65468486389609e-34 1.65468486389609e-34 9.91171330068961e-35 9.91171330223746e-35 8.38051741002489e-44 6.3575016577175e-44 3.95435080152808e-44 1.54784722355534e-44 1.54784722355533e-44 1.13872581686308e-39 2.52752490373215e-39 2.52752490373215e-39 2.52752490373215e-39 7.46610629517983e-35 7.46610629517983e-35 -0.0425531914893617 -0.0851063829787234 -0.0851063829787234
2 11 7.56678463194837e-35 7.56678463194835e-35 7.56678463194835e-35 7.56678463194835e-35 1.54914951471753e-34 1.54914951471753e-34 7.92484778571105e-35 -0.0740740740740741 -0.0740740740740741 -0.0740740740740741 -0.0740740740740741 -0.0740740740740741 -0.0740740740740741 -0.0740740740740741 -0.0740740740740741 -0.0740740740740741 1.09953511499159e-39 8.28143615303139e-35
2 12 -0.0769230769230769 -0.0769230769230769 -0.0769230769230769 -0.0769230769230769 -0.0769230769230769 -0.0769230769230769 -0.0769230769230769 -0.0384615384615385 1.42352040167025e-39 1.42352040167025e-39 8.22963249589319e-35 1.53494503211548e-34 1.53494503211548e-34 1.53494503211548e-34 1.534945031898e-34 1.53493079712035e-34 1.53493079712035e-34 1.53493079712035e-34
2 13 7.06953315944889e-35 7.06953315944889e-35 1.48487688082662e-34 1.48487688082662e-34 1.48487688082662e-34 1.48487688082662e-34 1.48486769055733e-34 7.77934901067147e-35 1.6610362380992e-34 1.6610362380992e-34 1.6610362380992e-34 8.83112673036414e-35 1.55625694620806e-34 1.55625694620806e-34 1.55625694620806e-34 1.55625694620806e-34 1.55625694605968e-34 1.55625694605968e-34
2 14 8.62822218290907e-35 8.62834293207277e-35 8.62834293366648e-35 8.62834293366648e-35 8.62834293366646e-35 8.62834293366642e-35 8.62834293366642e-35 8.62834293366642e-35 1.20754442750987e-39 3.68567066932987e-44 3.60491150470343e-44 3.60491150470342e-44 7.56106916632439e-35 7.5610691681682e-35 7.56119538245208e-35 7.56119538245208e-35 7.56119538245208e-35 -0.0740740740740741
2 15 2.19950484317213e-63 2.19950484317213e-63 9.22907204721463e-64 9.22890055942177e-64 1.11546834072333e-39 1.11546834072333e-39 6.50327819940023e-35 6.50327819940023e-35 -0.0833333333333333 -0.0833333333333333 -0.0833333333333333 -0.0833333333333333 -0.0833333333333333 -0.0833333333333333 -0.0833333333333333 -0.0833333333333333 1.29818176114465e-39 1.29818176084262e-39
2 16 -0.0784313725490196 -0.0784313725490196 -0.0784313725490196 -0.0784313725490196 -0.0784313725490196 2.73196922399551e-39 1.33618274699143e-39 1.33618274699143e-39 6.49245914907139e-35 6.49245914907139e-35 6.49245914907142e-35 6.49245914907142e-35 6.49232553283627e-35 1.44966825776156e-34 1.44966825776156e-34 1.44968162821067e-34 1.44968162821067e-34 8.00449075130998e-35
2 17 8.90741372791536e-35 8.90741372791536e-35 8.90741372791539e-35 1.54058538419596e-34 2.1912149047677e-34 2.19121490478638e-34 2.19121490456972e-34 1.30047353216498e-34 1.30047353216498e-34 1.3004735323816e-34 6.50639441611771e-35 2.53565501138786e-39 3.65014691636504e-39 3.65014691636504e-39 2.2503751337065e+164 2.2503751337065e+164 2.2503751337065e+164 2.2503751337065e+164
2 18 -0.0344827586206897 -0.0689655172413793 -0.0689655172413793 -0.0689655172413793 -0.0689655172413793 -0.0689655172413793 -0.0689655172413793 -0.0689655172413793 -0.0689655172413793 2.14714132161035e-49 4.17665683891761e-49 4.17661506276842e-49 7.37297018059262e-35 7.37297018059262e-35 7.37297018059262e-35 7.37297018059262e-35 7.37297018059262e-35 7.37297018059262e-35
2 19 1.81827406249601e-44 1.81827406249601e-44 1.16462117517316e-34 1.16462117517316e-34 1.16462117517316e-34 1.16462117517316e-34 1.16462117499133e-34 1.16463896009445e-34 1.7785103116111e-39 1.77851031200822e-39 1.77851031200822e-39 1.77851031200822e-39 7.79456650365362e-35 7.79468555149329e-35 1.65688031376094e-34 1.65688031376094e-34 2.87096849794543e-34 2.87096849794543e-34
2 20 2.21404578494262e-39 2.50148189817534e-39 2.50148189817534e-39 2.50148189813488e-39 2.50148189813488e-39 2.50148189779684e-39 2.50148189779685e-39 1.27854095208741e-39 2.97949276806975e-49 -0.0784313725490196 -0.0784313725490196 -0.0784313725490196 -0.0784313725490196 -0.0784313725490196 -0.0784313725490196 -0.0784313725490196 -0.0784313725490196 1.107724713276e-39
2 21 -0.0851063829787234 -0.0851063829787234 4.26781738417485e-54 1.57329413876216e-58 2.30960968712615e-44 2.30960968712615e-44 2.30964200594768e-44 2.30964200594768e-44 7.86442120975838e-35 7.86456627105109e-35 7.86456627105109e-35 7.86456626874148e-35 7.86456626874148e-35 7.86456626874145e-35 7.86456626874145e-35 7.86456626874145e-35 1.45061292704104e-39 9.42578197663963e-54
2 22 1.76272393908047e-39 1.76274445066807e-39 1.76274445066807e-39 4.63530166470211e-44 1.4139828871016e-39 1.41395704567257e-39 1.41395704567257e-39 1.41395702051931e-39 1.41398393383982e-39 1.41398393383982e-39 4.7400116522186e-44 4.7400116516416e-44 6.39711709892431e+152 6.39711709892431e+152 6.39711709892431e+152 6.39711709892431e+152 6.39711709892431e+152 6.39711709892431e+152
2 23 -0.0820322303724183 -0.0820322303724183 -0.0820322303724183 -0.0820322303724183 -0.0908458084235345 -0.0914038005882353 1.33640518604709e-39 2.78849171835454e-39 2.78847044054543e-39 2.78847044028773e-39 4.06836365193765e-39 4.06836365193765e-39 4.06836365193765e-39 4.06837966781775e-39 2.73199576005508e-39 1.27990922774763e-39 1.27990922805909e-39 1.27990922805909e-39
2 24 8.23111627719701e-35 8.23111627719701e-35 8.23111627719701e-35 8.23111627719701e-35 8.23111627719701e-35 1.51526770173668e-34 2.33799679347173e-34 2.33800934925181e-34 1.5148977216628e-34 1.5148977216628e-34 1.5148977216628e-34 2.1095101922684e-34 2.10952224412825e-34 2.10953430182524e-34 1.4173902777074e-34 5.94661186010311e-35 5.94661186010311e-35 5.94648630230235e-35
2 25 -0.0307692307692308 -0.0307692307692308 -0.0216508876237744 -0.0216508876237744 -0.0216508876237744 -0.0216508876237744 0.00911834314545636 0.00911834314545636 0.00911834314545636 0.00911834314545636 0.00911834314545636 5.7657702732467e-310 -0.00607566145750199 -0.00607566145750199 -0.00607566145750199 0.00182267291291667 0.00182267291291667 -0.0289465633582823
2 26 1.4162211926174e-34 1.4162211926174e-34 1.4162211926174e-34 1.4162211926174e-34 1.41620879649496e-34 -0.00210775136947632 -0.0750320408831943 -0.0750320408831943 -0.0750320408831943 -0.0750320408831943 -0.0750320408831943 -0.0750320408831943 -0.0750320408831943 -0.0750320408831943 -0.072924289513718 -0.00333600328728443 -0.00333600328728443 -0.0396996504883274
2 27 -0.0378835501480073 -0.0378835501480073 -0.0378835501480073 -0.0392156979619091 2.04021482630477e-44 1.16419850056443e-39 2.2718975294835e-39 2.2718975294835e-39 2.2718975294835e-39 2.2718975294835e-39 2.27189752957715e-39 2.27189752957715e-39 1.10769902925716e-39 1.10769902925716e-39 1.10772031052777e-39 2.12816087074932e-44 7.25499672978213e-35 7.25499672978213e-35
2 28 9.92242762572584e-40 9.14033535265194e-35 9.14033535265194e-35 9.14033535265194e-35 9.14042872225668e-35 9.14042872225671e-35 -0.000282506586289891 -0.0325899677825904 -0.0718056540571002 -0.0718056540571002 -0.0718056540571002 -0.0718056540571002 -0.0718056540571002 -0.0718056540571002 -0.0715231474708103 -0.0715231474708103 4.34330771739788e-54 -0.000625026759274873
2 29 -0.0396769482796658 -0.0396769482796658 -0.0396769482796658 -0.0396769482796658 -0.0396769482796658 -0.0396769482796658 2.06880326462584e-58 1.28200794497649e-58 1.28200794515217e-58 3.87803319376418e-54 2.68219613440458e-49 8.72106580394652e-35 8.72106580394652e-35 8.72106580394652e-35 8.72106580394652e-35 8.72121094151611e-35 8.72121094151611e-35 1.78445298062658e-34
2 30 0.0928077716308718 0.096705908750972 0.0903817837269834 0.0929224548073343 0.127096451424922 0.133285773839228 0.116692270460324 0.119934658827977 0.11989037899587 0.116130078297395 0.0654611507287393 0.0537379500957636 0.0508840824692296 0.0480863282456995 0.0159354764824877 0.0146684684575751 0.0187424665603502 0.0288385736397828
3 1 -0.0855373500529517 -0.0837813265133793 -1.1196174905747e+302 -1.1196174905747e+302 -1.1196174905747e+302 -1.1196174905747e+302 -1.1196174905747e+302 -1.1196174905747e+302 NA NA NA NA NA NA NA NA NA 0.0408163326128966
3 2 9.10504427313896e-35 9.10504427149647e-35 9.10504427149647e-35 9.10493660385962e-35 9.10493660385962e-35 1.01439240128204e-39 2.34044025930842e-39 2.34044025905808e-39 2.34044025905808e-39 2.34044025905808e-39 2.3404633700767e-39 2.3404797802199e-39 1.32608737918821e-39 3.95211618279037e-44 7.86446488258724e-35 7.86446488258727e-35 7.8644648825873e-35 7.8644648825873e-35
3 3 1.35225128446956e-34 1.35223616390593e-34 1.35223616390593e-34 6.3719842367237e-35 6.37198423496557e-35 8.72720118810328e-35 8.72720118995113e-35 8.72720118995113e-35 8.72720118995113e-35 8.72720118995113e-35 8.7272011922562e-35 8.7272011922562e-35 4.15291819042705e-44 4.15291819003934e-44 2.30506166975768e-44 2.30506166975768e-44 2.30506166975768e-44 1.15270367471019e-39
3 4 2.11253070585319e-44 2.11253070585319e-44 2.11253070585319e-44 2.11253070585319e-44 2.1125568699924e-44 3.82727755239701e-44 4.02813033228357e-44 4.02813033228356e-44 6.931662851557e-35 6.931662851557e-35 6.93166285155698e-35 -0.0888888888888889 -0.0888888888888889 -0.0888888888888889 -0.0888888888888889 -0.0888888888888889 -0.0888888888888889 -0.0888888888888889
3 5 1.36832134308182e-34 1.36832134329385e-34 1.36832134329385e-34 -0.0851063829787234 -0.0851063829787234 -0.0851063829787234 -0.0851063829787234 -0.0851063829787234 -0.0851063829787234 -0.0851063829787234 4.42619457125789e-44 2.40429833777062e-44 4.14258070653683e-44 5.78322086151822e-44 5.7831943488299e-44 5.7831943488299e-44 5.7831943488299e-44 5.7831943488299e-44
3 6 -0.0833333333333333 -0.0833333333333333 2.27209317280821e-34 2.27209317280821e-34 2.27210430834032e-34 2.27210430810493e-34 1.42054363660143e-34 7.70225761248784e-35 2.65591215964246e-39 2.65591215964246e-39 2.65591215964246e-39 1.54235894875832e-39 1.54237594383832e-39 1.54237594383832e-39 1.54239293531188e-39 1.54239293531188e-39 9.70989673413629e-35 9.70989673583689e-35
3 7 8.68247254149983e-35 8.68259894212165e-35 8.68259894212165e-35 8.68249142093763e-35 1.6138747054421e-34 1.61387470544211e-34 1.61387470564459e-34 7.45638203613011e-35 1.57288608324901e-34 1.57288608324901e-34 8.27260520064739e-35 8.27260520267227e-35 8.27260520267224e-35 8.27260520267224e-35 8.27260520064737e-35 8.27260520064737e-35 3.66552661037207e-44 3.57048737370472e-44
3 8 2.97370283224862e-44 2.97370283224862e-44 2.97370283224862e-44 5.59477087940683e-44 1.64107638500696e-39 1.64107638500696e-39 1.64104664797864e-39 1.64104664797864e-39 1.64102043729817e-39 1.64102043729817e-39 5.00604233812961e-54 5.00604233955075e-54 5.00604233955075e-54 1.27798989745863e-34 2.30296002218725e-34 2.30297797905931e-34 2.30297797905931e-34 2.30297797905931e-34
3 9 1.76433693713957e-39 1.76433693713958e-39 1.76433693713958e-39 2.04949058677526e-44 2.04949058677526e-44 2.04949058677526e-44 9.27353242022514e-35 9.27353242022514e-35 9.27353242022514e-35 1.85417051145388e-34 1.85418744150111e-34 1.85418744150111e-34 1.85418744150111e-34 9.26834199683541e-35 -0.0952380952380952 -0.0952380952380952 -0.0952380952380952 -0.0952380952380952
3 10 1.91444261860792e-44 1.91444261860792e-44 1.91444261860791e-44 1.40840489222025e-39 1.40840489222025e-39 3.12614922303713e-39 3.12614922303713e-39 9.23439462824874e-35 9.23439462824874e-35 -0.105263157894737 -0.105263157894737 -0.105263157894737 -0.105263157894737 -0.105263157894737 -0.105263157894737 -0.0526315789473684 1.24801587611447e-53 2.62153259595888e-44
3 11 -0.0869565217391304 -0.0869565217391304 -0.0869565217391304 -0.0869565217391304 -0.0869565217391304 -0.0869565217391304 -0.0869565217391304 1.290758613251e-39 1.29074280218695e-39 1.29074280218695e-39 9.72168591877598e-35 1.85959783275812e-34 1.85961073269951e-34 1.85961073269951e-34 1.85962555665544e-34 1.85962555665544e-34 1.85962555665544e-34 8.87469872205868e-35
3 12 1.60919697580115e-39 1.60919697580115e-39 1.60919697580115e-39 1.60919697580115e-39 9.30306282144448e-35 1.73515525369576e-34 1.73515525344992e-34 1.73513916196214e-34 1.73513916196214e-34 1.73513916196214e-34 8.0484897178745e-35 2.36134765941161e-44 1.22787420211967e-39 1.22787420211967e-39 1.22787420211967e-39 1.22785058864308e-39 1.22785058864308e-39 2.77438422653096e-39
3 13 9.10336086949247e-35 9.10336086949247e-35 1.03342972376601e-34 1.03342972376601e-34 1.03342972376602e-34 1.82115174556262e-34 1.82115174556263e-34 1.82115174538899e-34 7.87722021796616e-35 7.87722021796616e-35 7.87722021796614e-35 7.87722021989521e-35 1.92913272673949e-44 1.92913272631282e-44 1.92910039614046e-44 1.92910039614045e-44 1.92910039614045e-44 1.92910039614045e-44
3 14 1.44902820952835e-39 1.91245645438889e-44 2.51034834880697e-44 2.51034834880696e-44 4.3258938056441e-44 9.07328299958927e-35 9.0734344589425e-35 9.0734344589425e-35 9.07343445643215e-35 9.07343445643215e-35 -0.0888888888888889 -0.0888888888888889 -0.0888888888888889 -0.0888888888888889 -0.0888888888888889 -0.0888888888888889 -0.0888888888888889 1.05873236454351e-39
3 15 7.43231794217169e-35 7.43231794217169e-35 -0.0952380952380952 -0.0952380952380952 -0.0952380952380952 -0.0952380952380952 -0.0952380952380952 -0.0952380952380952 1.48363629845103e-39 1.48363629810585e-39 1.48363629810585e-39 1.69409479129145e-39 1.69409479165343e-39 1.69409479165343e-39 1.69409479165343e-39 0.0238095309054448 0.0482993232908786 0.243537410440558
3 16 1.44990042758644e-39 1.44990042758644e-39 7.04500886388598e-35 7.04500886388601e-35 7.04500886388601e-35 7.04486387605638e-35 1.5730442794774e-34 1.5730442794774e-34 8.68572400674062e-35 8.68572400674062e-35 8.68572400674061e-35 8.68572400904873e-35 8.68572400904876e-35 1.45088118016151e-39 1.45088118016151e-39 1.01392508419134e-39 1.01392508419134e-39 2.27793225645059e-39
3 17 1.35701585965041e-34 1.35701585965041e-34 1.35701585987645e-34 6.78928112986196e-35 2.6459008814482e-39 2.64588117870504e-39 2.34821753082417e+164 2.34821753082417e+164 2.34821753082417e+164 2.34821753082417e+164 2.34821753082417e+164 2.34821753082417e+164 2.34821753082417e+164 2.34821753082417e+164 -0.0869565217391304 -0.0869565217391304 -0.0869565217391304 -0.0869565217391304
3 18 -0.0363636363636364 2.2642197610204e-49 4.40447448467675e-49 4.40443042982851e-49 7.77513219044312e-35 7.77513219044312e-35 7.77513219044312e-35 7.77513219044312e-35 7.77513219044312e-35 7.77513219184638e-35 7.77513219184636e-35 7.77513219184639e-35 1.40330933824697e-44 1.40333696600066e-44 1.40333696556019e-44 1.40333696556019e-44 1.40333696556019e-44 1.13317975381853e-39
3 19 1.19448325640137e-34 1.19448325640137e-34 1.82411314011394e-39 1.82411314011395e-39 1.82411314052125e-39 1.82411314052126e-39 7.99454928358287e-35 7.99436687226885e-35 1.69936442437019e-34 1.69936442437019e-34 2.94458307481583e-34 2.94459981482435e-34 2.1451753376323e-34 2.14516312759747e-34 1.24523539045416e-34 1.24523539045416e-34 8.98590401025774e-35 1.74835844376675e-34
3 20 1.4490130790324e-39 3.37675847047906e-49 -0.0888888888888889 -0.0888888888888889 -0.0888888888888889 -0.0888888888888889 -0.0888888888888889 -0.0888888888888889 -0.0888888888888889 1.2554213417128e-39 2.50902886523909e-39 2.50902886523909e-39 2.50902886523909e-39 2.50902886553133e-39 1.25363165810134e-39 1.25363165810134e-39 1.25363165810134e-39 1.25360752417134e-39
3 21 2.41229276176758e-44 8.2139510413032e-35 8.2139510413032e-35 8.21410254976447e-35 8.21410254735221e-35 8.21410254735221e-35 8.21410254735218e-35 8.21410254735218e-35 1.51508461268731e-39 9.84470562004584e-54 9.84461991933613e-54 5.85130062740893e-54 2.51073610226348e-44 2.51073610226348e-44 2.51073610226348e-44 2.51073610167835e-44 2.51073610167835e-44 2.51073610167835e-44
3 22 1.64961655328467e-39 1.64959262309913e-39 1.6496165239392e-39 1.64964792281312e-39 5.52997140006425e-44 5.53001359358186e-44 7.46330328207836e+152 7.46330328207836e+152 7.46330328207836e+152 7.46330328207836e+152 7.46330328207836e+152 7.46330328207836e+152 1.5689238943564e-39 1.56895153203001e-39 5.15531481671285e-44 5.15531481671285e-44 5.15531481721202e-44 5.15531481721202e-44
3 23 2.63357551177929e-39 2.63355541607068e-39 3.84234344905222e-39 3.84234344905222e-39 3.84234344905222e-39 3.84235857516121e-39 2.5802182178298e-39 1.20880315983359e-39 1.20880315983358e-39 1.20880315983358e-39 1.51266086623262e-44 1.5126608659191e-44 1.5126608659191e-44 2.94162117527193e-49 2.94162117527193e-49 2.94162117527193e-49 1.8428347011207e-44 1.8428347011207e-44
3 24 1.6250721014201e-34 1.6250721014201e-34 1.6250721014201e-34 2.26292911534246e-34 2.26294204370121e-34 1.52046028073978e-34 6.37909272265606e-35 6.37895803337888e-35 6.37895803337888e-35 6.37895803337888e-35 6.37895803337888e-35 -0.0727981621612256 -0.0726578894029447 -0.0725896307055814 -0.0723818683927239 -0.0720333789998356 -0.0718145887460719 -0.0718145887460719
3 25 0.0102188328354252 0.0102188328354252 5.86333767594007e-310 -0.00680893094375223 -0.00680893094375223 -0.00680893094375223 0.00204265067826868 -0.0324401141084198 -0.0319981583415405 -0.0286008974365861 -0.0286008974365861 -0.0286008974365861 -0.0217919664928339 -0.0217919664928339 -0.0217919664928339 -0.0306435481148548 -0.0318634712411412 -0.00148582837941214
3 26 -0.0825352449715138 -0.0825352449715138 -0.0825352449715138 -0.0825352449715138 -0.0825352449715138 -0.0802167184650898 1.32490651666922e-34 -0.00366960361601287 -0.0436696155371602 -0.0436696155371602 -0.0436696155371602 -0.0436696155371602 -0.0436696155371602 -0.0436696155371602 -0.0436696155371602 -0.0400000119211473 -0.0400000119211473 8.54663266377917e-35
3 27 2.63333577281042e-39 2.63333577281041e-39 2.63333577281041e-39 2.63333577291897e-39 2.63333577291897e-39 1.2839238748208e-39 3.91886680460125e-49 2.46673191836853e-44 8.40920075497474e-35 8.40920075497474e-35 8.4092007549747e-35 8.4092007549747e-35 8.4092007549747e-35 8.4092007549747e-35 8.40920075426131e-35 8.40920075426131e-35 1.5495389163008e-39 1.5495389163008e-39
3 28 0.00734590528451938 -0.0796106164546111 -0.0796106164546111 -0.0796106164546111 -0.0796106164546111 -0.0796106164546111 -0.079297402630681 -0.0434782608695652 4.815406381054e-54 -0.000692964450500403 -0.0441712382778344 -0.0441712382778344 -0.0441712382778344 -0.0441712382778344 -0.0441712382778344 -0.0441712382778344 -0.0441712382778344 -0.043478273827334
3 29 1.30871644383016e-58 1.3087164440095e-58 3.9588255519676e-54 2.73807522053801e-49 8.90275467486208e-35 8.90275467486208e-35 8.90275467486208e-35 8.90290283613103e-35 8.90290283613103e-35 1.82162908438964e-34 1.82162908438963e-34 9.31353616903429e-35 9.31353616903429e-35 9.31353616903429e-35 9.3135361709221e-35 1.90279805954276e-34 1.90279805954276e-34 9.71459258766235e-35
3 30 0.0664347073724194 0.06051750168685 0.0531541642642791 0.0515805690909827 0.0144149759754299 0.00959970106581053 0.0239672248792506 0.0234797050305194 0.0240227490993204 0.0491924057813193 0.0865069114219958 0.0584281751052226 0.0582361238775675 0.0594036069045104 0.0571120349547515 0.051333502960201 0.0428202051947152 0.0365534415806452
4 1 -1.16726078804596e+302 NA NA NA NA NA NA NA NA 0.0425531978304667 1.03326653975057e-34 1.03327729674441e-34 1.03327729674441e-34 1.07569938396453e-39 1.07569938396453e-39 1.07569938396453e-39 1.07569938396453e-39 1.07572247627586e-39
4 2 2.39131939538034e-39 2.39131939512456e-39 2.39131939512456e-39 2.39134300855663e-39 2.39134300855663e-39 1.3549153656923e-39 8.03543151046957e-35 8.0354315104696e-35 8.03543151046963e-35 8.03543151046963e-35 8.03543150810829e-35 8.03543150801042e-35 8.03543150801042e-35 8.03543150801042e-35 1.57891335859556e-44 1.57888328938011e-44 1.5788532200057e-44 1.5788532200057e-44
4 3 8.2237088136078e-35 8.2237088136078e-35 8.22370881577988e-35 8.22370881577988e-35 8.22370881577988e-35 3.91332675636395e-44 2.17207734265627e-44 2.17207734265627e-44 1.08620153963076e-39 2.22822806410066e-39 2.22820634332724e-39 2.22820634332724e-39 2.22820634332724e-39 3.53889573460733e-39 3.53889573460733e-39 -0.0769230769230769 -0.0769230769230769 -0.0769230769230769
4 4 6.2384965664013e-35 6.2384965664013e-35 6.2384965664013e-35 -0.04 -0.08 -0.08 -0.08 -0.08 -0.08 -0.08 -0.08 1.71082590850199e-34 1.71083779462525e-34 1.71083779462525e-34 8.16605021258105e-35 8.16605021258105e-35 8.16618064626754e-35 8.16618064626754e-35
4 5 -0.0909090909090909 -0.0909090909090909 -0.0909090909090909 4.72798056475275e-44 2.56822776989134e-44 2.56822776989134e-44 6.17750305443194e-44 6.17750305443193e-44 6.17750305443194e-44 6.17750305443194e-44 3.60930360491222e-44 3.60930360491223e-44 1.75250198373013e-44 2.26782710272422e-58 1.05977709444673e-34 1.85607314120729e-34 1.85607314120729e-34 1.85607314120729e-34
4 6 6.72210488586128e-35 2.31788697568796e-39 2.31788697568796e-39 2.31790180775779e-39 1.34607355098617e-39 1.34607355098617e-39 1.34608837990855e-39 8.4742263011181e-35 8.47409169673038e-35 8.4740916967304e-35 8.4740916967304e-35 8.47409169673043e-35 8.47409169524725e-35 1.73024560122406e-34 1.73024560107577e-34 1.73024560107577e-34 1.73038292018858e-34 1.73038292004016e-34
4 7 7.30104074371073e-35 1.54011762318133e-34 1.54011762318133e-34 1.54011762334197e-34 8.10025926094993e-35 8.10025926094991e-35 8.10025925896722e-35 8.10025925896722e-35 3.58916147265598e-44 5.10256807373653e-44 1.1138291952422e-39 1.11380936828602e-39 1.01081211098858e-34 1.01081211098858e-34 1.01081211098858e-34 1.01081211098858e-34 -0.0416666666666667 -0.0833333333333333
4 8 1.35564723093888e-39 1.35564723093888e-39 1.35564723093888e-39 1.35562557863762e-39 4.13542627932446e-54 4.13542628049844e-54 1.9024452357199e-34 1.90246006965769e-34 1.90246006965769e-34 1.90246006965769e-34 1.90246006965769e-34 1.90246006965769e-34 1.90246006965769e-34 -0.0869565217391304 -0.0869565217391304 -0.0869565217391304 -0.0869565217391304 -0.0869565217391304
4 9 7.78976723298911e-35 7.78976723298911e-35 1.55750322979341e-34 1.55751745086093e-34 1.55751745086093e-34 1.55751745086093e-34 -0.08 -0.08 -0.08 -0.08 -0.08 -0.08 -0.08 -0.08 1.0118643068727e-39 1.01184350043432e-39 1.01184350043432e-39 1.01184350043431e-39
4 10 6.49827770136022e-35 -0.0740740740740741 -0.0740740740740741 -0.0740740740740741 -0.0740740740740741 -0.0740740740740741 -0.0740740740740741 -0.0740740740740741 -0.0740740740740741 1.31745522397863e-39 7.9234218288945e-35 7.9234218288945e-35 7.92342183040615e-35 1.51264223103004e-34 1.51265321771811e-34 1.51265321771811e-34 1.51266258874849e-34 1.5126724995697e-34
4 11 1.12028106055747e-39 1.12026733774717e-39 8.43768966535274e-35 1.61400177450117e-34 1.61401297067672e-34 1.61400176800335e-34 1.61401463407831e-34 1.61401463407831e-34 1.61401463407831e-34 1.61401463407831e-34 7.70270290803559e-35 3.74828376586419e-39 2.62866621117553e-39 2.62866621117553e-39 1.34205871448032e-39 1.34205871470242e-39 1.34205871470242e-39 1.34205871470241e-39
4 12 1.56502747941683e-34 1.56502747941683e-34 1.56502747941683e-34 1.56502747941683e-34 7.25953284578304e-35 1.10749437838245e-39 1.10749437838245e-39 1.10747307995259e-39 2.50238577294949e-39 2.5023857729495e-39 2.5023857729495e-39 2.50238577294949e-39 1.39491269299691e-39 1.39491269326792e-39 1.39491269326792e-39 1.39491269326792e-39 2.67345538981135e-39 1.27854269681445e-39
4 13 1.74681902108739e-34 1.74681902108739e-34 7.55570102539612e-35 7.55570102539609e-35 7.55570102724643e-35 1.850392615444e-44 1.85036160446126e-44 1.85036160446126e-44 1.85036160446125e-44 1.85036160446125e-44 1.85038844768233e-44 2.68432210866105e-49 2.68432210866105e-49 -0.0816326530612245 -0.0816326530612245 -0.0816326530612245 -0.0816326530612245 -0.0816326530612245
4 14 7.56119538245208e-35 7.56119538245208e-35 -0.0740740740740741 -0.0740740740740741 -0.0740740740740741 -0.0740740740740741 -0.0740740740740741 -0.0740740740740741 -0.0740740740740741 -0.0740740740740741 6.84364338583244e-35 6.84364338407103e-35 6.84364338407103e-35 6.84364338407103e-35 6.84355515813543e-35 6.84355515813543e-35 6.84355516022868e-35 6.84355516022868e-35
4 15 -0.0677966101694915 -0.0677966101694915 2.26211365710481e-39 2.26211365711677e-39 2.26211365711677e-39 1.20596578388888e-39 0.0343825691223204 0.173365614211923 0.173365614211923 0.190314771805629 0.190314771805629 0.190314771805629 0.190314771805629 0.195157386292335 8.7375302676609 8.72058111006719 8.70314769853858 8.56416465344897
4 16 1.07150381215571e-34 1.07150381231293e-34 5.91636273080136e-35 5.91636273080133e-35 5.91643179369135e-35 5.91643179369135e-35 2.5399006764716e-39 4.52090793247061e-35 1.01612237673957e-34 1.01612237673957e-34 0.202898568046562 0.202898568046562 0.202898568046562 NA NA NA NA NA
4 17 1.68778135027987e+164 1.68778135027987e+164 1.68778135027987e+164 1.68778135027987e+164 1.68778135027987e+164 1.68778135027987e+164 -0.0625 -0.0625 -0.0625 -0.0625 -0.0625 7.58579756351246e-35 7.58579756351246e-35 7.58579756351246e-35 7.58579756351246e-35 7.58579756351246e-35 4.87743562034387e-35 4.87751915342743e-35
4 18 7.50232053599212e-35 7.50232053599212e-35 7.5023205359921e-35 7.50232053599213e-35 1.35407041409795e-44 1.35409707245678e-44 1.35409707203176e-44 1.09341906070209e-39 1.09341906070209e-39 1.09340552028831e-39 7.17112599207193e-35 7.1711259920719e-35 7.17124056940992e-35 7.17124057107676e-35 7.17124057107676e-35 7.17124057107676e-35 7.17124057107676e-35 7.17113123052479e-35
4 19 1.57315211208595e-34 1.57315211208595e-34 1.57314236682397e-34 1.57314236682397e-34 1.57314236682397e-34 2.05320226791537e-34 2.08009162223112e-34 2.08009162238602e-34 1.59930831076151e-34 -0.0547945205479452 -0.0547945205479452 -0.0547945205479452 -0.0547945205479452 -0.0547945205479452 -0.0547945205479452 -0.0547945205479452 -0.0547945205479452 -0.0547945205479452
4 20 -0.0606060606060606 -0.0606060606060606 1.71070149902665e-39 1.7107014992259e-39 1.7107014992259e-39 1.7107014992259e-39 1.71070149946646e-39 8.54748858036926e-40 8.54748858036926e-40 1.5769301902223e-39 7.22197787818017e-40 7.2219778781802e-40 7.2219778781802e-40 7.22197787618769e-40 7.22197787618769e-40 7.22197787618772e-40 7.22197787618772e-40 7.22197787378215e-40
4 21 4.34864252639801e-35 8.02116910613819e-40 8.02116910613819e-40 1.3292132308215e-44 1.32921323082149e-44 1.32921323061008e-44 1.32921323061008e-44 1.32923270122172e-44 1.32923270122172e-44 1.32923270122172e-44 5.48588070517923e-35 9.60962621398697e-35 9.60962621265775e-35 9.60962621265775e-35 -0.0470588235294118 -0.0470588235294118 -0.0470588235294118 -0.0470588235294118
4 22 4.33353093798098e+152 4.33353093798098e+152 4.33353093798098e+152 4.33353093798098e+152 4.33353093798098e+152 4.33353093798098e+152 9.11018001776849e-40 1.82089081385558e-39 9.09918793824144e-40 9.09918793824144e-40 9.09918793824144e-40 9.09918793824147e-40 9.09918793824147e-40 9.09902746142698e-40 9.09888859738114e-40 9.09888859738114e-40 9.09888859738111e-40 9.09888859738115e-40
4 23 9.59931921044317e-40 9.59931921044317e-40 1.20123068789061e-44 1.20123068764164e-44 1.20123068764164e-44 2.33599328624536e-49 1.46345091670518e-44 1.46342755677232e-44 1.46342755677232e-44 0.000723767875157426 0.000723767875157426 0.000723767875157426 0.000723767875157426 0.000723767875157426 0.000723767875157426 0.000723767875157426 0.000723767875157426 0.000723767875157426
4 24 -0.0588808664539325 -0.0587674105464994 -0.0587674105464994 -0.0587122013059849 -0.0585441582588208 -0.0582622918381023 -0.0581240896005792 -0.058101409184095 -0.058101409184095 -0.058100365202304 -0.0584069381867419 0.000344331005642164 -0.000199972296864957 -0.000840405359781207 -0.00128718032477034 -0.00156904674548884 -0.00194768354175404 -0.00210882086404665
4 25 -0.0255208007895691 -0.0255208007895691 -0.0255208007895691 -0.0194451393320671 -0.0194451393320671 -0.0194451393320671 -0.0320950523635975 -0.0320950560317426 -0.0324894165621887 -0.0355208186004558 -0.0355208186004558 -0.0355208186004558 -0.0355208186004558 -0.0355208186004558 -0.0355208186004558 -0.0355208186004558 -0.0338021313629979 -0.0609083394308397
4 26 -0.0279933432930514 -0.0279933432930514 -0.0279933432930514 -0.0279933432930514 -0.0279933432930514 -0.0279933432930514 -0.0279933432930514 -0.0256410332827867 5.47870181409446e-35 5.47861068190974e-35 9.97051818743735e-35 9.97051818743734e-35 9.97051818743734e-35 4.49190750552767e-35 4.49190750552765e-35 4.49196858507724e-35 4.49196858507721e-35 4.49196858623872e-35
4 27 5.28578333169841e-35 5.28578333169841e-35 5.28578333169841e-35 5.28578333280046e-35 5.28578333280046e-35 5.28578333280046e-35 -0.0036707844052998 -0.0036707844052998 -0.0633239729063853 -0.0633239729063853 -0.0633239729063853 -0.0633239729063853 -0.0633239729063853 -0.0633239729063853 -0.0633239729063853 -0.0633239729063853 -0.0633239729063853 -0.0672373458743292
4 28 -0.0837760688997276 -0.028220513344172 -0.028220513344172 -0.028220513344172 -0.028220513344172 -0.028220513344172 -0.028220513344172 -0.028220513344172 -0.028220513344172 -0.0277777860563523 4.59789570287294e-35 1.85433117982402e-39 1.85433117982402e-39 1.85433117982402e-39 1.85433117982402e-39 1.85431672352419e-39 5.13602320152046e-35 5.13602320152046e-35
4 29 1.45730326751171e-34 1.45730326751171e-34 1.45730326751171e-34 1.45730326751171e-34 7.45082893522743e-35 7.45082893673768e-35 1.52225030053573e-34 1.52223844763421e-34 1.52224980505157e-34 7.77178764430344e-35 0.0031837006409963 0.00125436782836908 -4.47798196919995e+152 -4.47798196919995e+152 -4.47798196919995e+152 -4.47798196919995e+152 -4.47798196919995e+152 -4.47798196919995e+152
4 30 0.0548244323942225 0.0542488469058668 0.0584281751052226 0.0582361238775675 0.0594036069045104 0.0571120349547515 0.0428202051947152 0.0365534415806452 0.0313728672580645 0.00725035951612903 -0.032258064516129 9.10430455712722e-40 6.58432977954642e-35 1.37874094129963e-34 1.37874094129963e-34 1.37874094129963e-34 1.37875289141535e-34 1.37875289141535e-34
5 1 NA NA 0.0377358546798478 9.16292969212765e-35 9.16302508433718e-35 9.16302508433718e-35 9.53922095213831e-40 9.53922095213831e-40 9.53942573301234e-40 9.53942573301234e-40 9.53942573301234e-40 2.04780874024012e-44 2.04780874024012e-44 2.04780874024012e-44 2.04780874024012e-44 6.97835652796732e-35 6.97835652796732e-35 6.97835652591951e-35
5 2 6.84499721262228e-35 6.84499721262228e-35 6.84499721262228e-35 6.84499721195568e-35 6.84499721195568e-35 6.84499721052739e-35 1.34500026888219e-44 1.34497465422991e-44 1.34494903926411e-44 3.27083124709819e-44 3.27083124748905e-44 1.92591035848234e-44 1.92591035813008e-44 1.92593721062221e-44 3.52124590890891e-44 3.52124590845998e-44 -0.037037037037037 -0.0740740740740741
5 3 1.89947310382352e-39 1.89947310382352e-39 1.89945458775437e-39 1.89945458775437e-39 3.01676357704231e-39 3.01676357704231e-39 -0.0655737704918033 -0.0655737704918033 -0.0655737704918033 -0.0655737704918033 -0.0655737704918033 -0.0655737704918033 -0.0655737704918033 -0.0655737704918033 -0.0655737704918033 7.32732932178197e-35 7.32732932178197e-35 7.32732932178197e-35
5 4 -0.0714285714285714 -0.0714285714285714 -0.0714285714285714 -0.0357142857142857 1.52753374520112e-34 1.52753374520112e-34 7.29111626123308e-35 7.29123271988173e-35 7.29123271988173e-35 2.2258830263084e-39 3.33920265752258e-39 3.33920265752258e-39 2.27792548639075e-39 2.27792548639075e-39 2.27792548658888e-39 2.27794007579354e-39 1.11335358925051e-39 1.11335358955836e-39
5 5 4.85375239991082e-44 4.85375239991081e-44 4.85375239991082e-44 2.83588140385961e-44 2.83588140385961e-44 2.83588140385961e-44 1.45834318237716e-34 1.45834318237716e-34 1.45834318237716e-34 1.45834318237716e-34 1.45834318237716e-34 1.45834318237716e-34 1.45834318255511e-34 1.45834318255511e-34 6.25661179775543e-35 1.77954740261598e-44 3.23783863783849e-44 3.23783863783849e-44
5 6 8.17675514596791e-35 8.17675514596793e-35 8.17675514596796e-35 8.17675514453682e-35 1.66953522925129e-34 1.66953522925129e-34 1.6695352291082e-34 1.66966773000652e-34 1.66966772986331e-34 1.66966772986331e-34 1.66966772986331e-34 1.66966772986331e-34 1.6696677298633e-34 8.17808015065699e-35 8.17808015065701e-35 8.17821017441273e-35 1.30023755773871e-39 -0.0701754385964912
5 7 7.33608385717786e-35 4.62119372715761e-44 1.00876551840067e-39 1.00875096927596e-39 9.15452477876446e-35 9.15452477876446e-35 9.15452477876446e-35 9.15452477876446e-35 -0.0754716981132075 -0.0754716981132075 -0.0754716981132075 -0.0754716981132075 -0.0754716981132075 -0.0754716981132075 -0.0754716981132075 -0.0754716981132075 -0.0377358490566038 7.33762086857796e-35
5 8 1.62061413341211e-34 1.62061413341211e-34 1.62061413341211e-34 1.62061413341211e-34 1.62061413341211e-34 -0.0740740740740741 -0.0740740740740741 -0.0740740740740741 -0.0740740740740741 -0.0740740740740741 -0.0740740740740741 -0.0740740740740741 -0.0740740740740741 1.9835539859622e-34 2.84651823649064e-34 2.84651823649064e-34 2.84651823649064e-34 2.09027199805169e-34
5 9 -0.0888888888888889 -0.0888888888888889 -0.0888888888888889 -0.0888888888888889 -0.0888888888888889 -0.0888888888888889 1.12427055603813e-39 1.12427055603813e-39 1.12427055603813e-39 1.12427055603812e-39 1.12427055603812e-39 1.12427055603812e-39 2.51038055975641e-44 1.07852272568406e-34 1.07852272568406e-34 1.07852272568406e-34 2.15721067337862e-34 2.15721067337862e-34
5 10 -0.0909090909090909 2.56740792347759e-44 2.26405087832812e-44 1.61685119171272e-39 9.72419951727962e-35 9.72419951913482e-35 1.85642455626414e-34 1.85643803992677e-34 1.85643803970036e-34 1.85643337222486e-34 8.84041752515805e-35 1.9874163111435e-34 1.98741631095797e-34 1.10341170660732e-34 1.10339822294469e-34 1.10339822294469e-34 1.10338672213468e-34 1.10338537067148e-34
5 11 1.82005905545001e-34 1.82005905545001e-34 8.6858753449936e-35 4.22678807640004e-39 2.96424062111284e-39 2.96424062111284e-39 1.51338535888206e-39 1.51338535913252e-39 1.51338535913251e-39 1.51338535913251e-39 2.50459825458371e-49 2.50454447114999e-49 2.50454447114999e-49 5.44471048507542e-49 1.13944880087942e-39 1.13944880062897e-39 1.13946424918466e-39 2.52901442169715e-39
5 12 2.09215859705614e-39 2.09215859705614e-39 2.09215859705614e-39 2.09215859705613e-39 1.16623848125678e-39 1.16623848125678e-39 2.23518401443244e-39 2.23518401443244e-39 1.06894553340224e-39 1.06894553340224e-39 1.06894553340224e-39 1.06894553366238e-39 1.06894553366238e-39 5.74755748635086e-35 5.74755748635086e-35 -0.0655737704918033 -0.0655737704918033 -0.0655737704918033
5 13 1.5906617301509e-44 1.59068480590235e-44 1.59068480590235e-44 1.59068480590235e-44 2.30757514604195e-49 -0.0701754385964912 -0.0701754385964912 -0.0701754385964912 -0.0701754385964912 -0.0701754385964912 -0.0701754385964912 -0.0701754385964912 -0.0701754385964912 2.0317642399071e-39 5.47784813545103e-35 5.47784813394119e-35 5.47784813394119e-35 5.47784813394119e-35
5 14 -0.0666666666666667 -0.0666666666666667 6.1592790472492e-35 6.15927904566392e-35 6.15927904566392e-35 6.15927904566395e-35 6.15919964420581e-35 6.15919964420581e-35 6.15928882412612e-35 8.91818042622074e-40 8.91818042909539e-40 8.91818042909539e-40 8.91818042909539e-40 6.80126535716191e-35 6.80126535852325e-35 6.80126535852325e-35 6.80126535663933e-35 6.80126535663933e-35
5 15 0.192991910160442 0.211859840311927 0.211859840311927 0.211859840311927 0.211859840311927 0.217250675306562 9.68840970214672 9.53369272742433 9.53369272742433 9.51482479727284 9.51482479727284 9.51482479727284 9.51482479727284 9.50943396227821 1.70975145974063e-44 1.12093084012751e-39 1.12093506710616e-39 1.12093506710616e-39
5 16 0.17948719481042 NA NA NA NA NA NA NA NA NA NA NA NA NA NA NA NA NA
5 17 -0.0512820512820513 -0.0512820512820513 6.22424415467689e-35 6.22424415467689e-35 1.02261702288533e-34 1.02262387701529e-34 9.23666465882477e-35 9.23666465882477e-35 9.23673322950126e-35 9.23673322950126e-35 1.4968933444103e-34 1.4968933444103e-34 1.4968933444103e-34 1.4968933444103e-34 1.49689334454361e-34 1.49689334454361e-34 1.09670073712596e-34 1.52158016054039e-34
5 18 5.59937234997397e-35 5.59946181447078e-35 5.59946181577231e-35 5.59946181577229e-35 5.59946181577229e-35 5.59946181577227e-35 5.59946181577227e-35 5.59937644145146e-35 5.59937644145146e-35 5.59937644145148e-35 8.94669770307862e-40 -0.0547945205479452 -0.0547945205479452 -0.0547945205479452 -0.0547945205479452 -0.0547945205479452 -0.0547945205479452 -0.0547945205479452
5 19 -0.0547945205479452 -0.0547945205479452 -0.0547945205479452 -0.0547945205479452 -0.0547945205479452 -0.0547945205479452 -0.0547945205479452 -0.0547945205479452 -0.0547945205479452 1.09317498667168e-34 1.09317498681419e-34 1.09316483266496e-34 1.09316483266496e-34 1.09316483266496e-34 1.59971079520956e-34 1.59971079520956e-34 9.87017288510229e-35 9.87017288510229e-35
5 20 6.52945945150539e-40 6.52945945150539e-40 6.52945945150539e-40 6.52945944970397e-40 6.52945944970397e-40 6.52945944970397e-40 5.07172032638819e-35 1.09255702326801e-34 1.09255702326801e-34 1.09255741481439e-34 1.09255741481439e-34 1.73081106900493e-34 1.73081106911687e-34 1.73081106911687e-34 1.73081106922859e-34 1.73081106922859e-34 1.73081106922859e-34 1.73081106922859e-34
5 21 -0.0449438202247191 -0.0449438202247191 -0.0449438202247191 -0.0449438202247191 -0.0449438202247191 -0.0449438202247191 -0.0449438202247191 -0.0449438202247191 -0.0449438202247191 -0.0449438202247191 -0.0449438202247191 -0.0449438202247191 -0.0449438202247191 -0.0449438202247191 4.15240939960948e-35 4.15240939960948e-35 4.15240939960946e-35 4.15234267426228e-35
5 22 8.95475638366618e-40 8.95475638366621e-40 8.95475638366621e-40 8.95475638366621e-40 8.95459845410274e-40 8.95446179424811e-40 8.95446179424812e-40 1.57929346319122e-44 6.85969137761974e-54 6.85969137761974e-54 6.85965041337288e-54 9.43355327819716e-40 9.43355327819716e-40 9.43355327819716e-40 9.43355327819716e-40 1.97854617135764e-39 1.97854617135764e-39 1.97854617135764e-39
5 23 0.000723767875157426 0.000723767875157426 0.000723767875157426 0.000723767875157426 0.000723767875157426 0.000723767875157426 0.000723767875157426 0.000664777848497597 0.000664777848497597 -0.0588825194384245 -0.0588825194384245 -0.0588825194384245 -0.0588825194384245 -0.0588825194384245 -0.0588825194384245 -0.0588825194384245 -0.0588825194384245 -0.0588825194384245
5 24 0.000339340701212568 0.000227529082293039 -0.00019707414763503 -0.000828225571958291 -0.00126852553745483 -0.00174505821568507 -0.00192445758578087 -0.00194680930057683 -0.00157777491679353 -0.00105198422794301 -0.000749854330236072 -0.000622135289869556 -0.000197532059941487 0.000379210257787797 0.000653902582600858 0.000653902582600858 0.000852653860702727 0.00101145585948385
5 25 -0.0312007190409409 -0.0312007190409409 -0.0312007190409409 -0.0312007190409409 -0.0312007190409409 -0.0306472172962091 -0.0535005684189808 -0.0264735333371245 -0.0264735333371245 -0.0264735333371245 -0.0264735333371245 -0.0264735333371245 -0.0264735333371245 -0.0264735333371245 -0.0264735333371245 -0.0264735333371245 -0.0270270350818563 5.52372110340782e-35
5 26 1.0509465116488e-34 4.73471331663727e-35 4.73471331663726e-35 4.73477769778411e-35 4.73477769778409e-35 4.73477769778409e-35 4.73477769900838e-35 4.7347776990084e-35 8.94997815682619e-35 8.94997815682619e-35 4.21526484018897e-35 4.21526484018899e-35 8.95505741988863e-35 0.00186013208853233 0.00186013208853233 -0.0217647552490234 -0.0217647552490234 -0.0217647552490234
5 27 -0.0554084762930872 -0.0554084762930872 -0.0554084762930872 -0.0554084762930872 -0.0554084762930872 -0.0588326776400381 -0.0806207487361178 -0.0806207487361178 -0.028424208797668 -0.028424208797668 -0.028424208797668 -0.028424208797668 -0.028424208797668 -0.028424208797668 -0.028424208797668 -0.028424208797668 -0.028424208797668 -0.0250000074507171
5 28 1.69002335376367e-39 1.69002335376367e-39 1.69002335376367e-39 4.68093253941214e-35 4.6809325380946e-35 4.6809325380946e-35 9.36349196594231e-35 9.36349196594231e-35 9.36349196594231e-35 9.36341301636395e-35 9.36341301636395e-35 9.36341301728438e-35 9.36341301860192e-35 9.36341301860192e-35 9.36348075052842e-35 9.36348075052842e-35 0.000673024337502975 -0.047174747608885
5 29 0.00293880059168889 0.00115787799541762 -4.13352181772303e+152 -4.13352181772303e+152 -4.13352181772303e+152 -4.13352181772303e+152 -4.13352181772303e+152 -4.13352181772303e+152 -4.13352181772303e+152 -4.13352181772303e+152 -4.13352181772303e+152 -4.13352181772303e+152 -0.0366889991671817 -0.0353421825861525 -0.0266719584514138 -0.0280403887080335 -0.021738919753397 -0.0046448493463366
5 30 0.00170062101694915 1.88144871202877e-49 9.56723529732012e-40 6.91912620901488e-35 1.44884641289114e-34 1.44884641289113e-34 1.44884641289113e-34 1.44885897063986e-34 1.44885897063986e-34 1.44885897063986e-34 1.44885897063986e-34 1.44884940340456e-34 7.56946349738373e-35 1.25577487251144e-39 1.25577487271081e-39 1.25579251726572e-39 1.764514150775e-44 1.764514150775e-44
6 1 1.01115742092666e-39 1.01117912769931e-39 1.01117912769931e-39 1.01117912769931e-39 2.17067726465452e-44 2.17067726465453e-44 2.17067726465453e-44 7.39705791964536e-35 7.39705791747468e-35 7.39705791747468e-35 7.39705791747468e-35 7.39705791747468e-35 7.39705791747468e-35 7.39705791747468e-35 7.39705791747471e-35 3.17641420368877e-49 -0.08 -0.08
6 2 1.51306766917213e-44 1.51306766917213e-44 3.67968515298547e-44 2.16664915329264e-44 2.16664915289634e-44 2.16664915289634e-44 3.96140164701748e-44 3.96140164666477e-44 -0.0416666666666667 -0.0833333333333333 -0.0833333333333333 -0.0833333333333333 -0.0833333333333333 -0.0833333333333333 -0.0833333333333333 -0.0833333333333333 -0.0416666666666667 1.94213240530779e-34
6 3 -0.0645161290322581 -0.0645161290322581 -0.0645161290322581 -0.0645161290322581 -0.0645161290322581 -0.0645161290322581 7.20914659078548e-35 7.20914659078548e-35 7.20914659078548e-35 7.20914659078548e-35 7.20914659078546e-35 7.20914659078546e-35 7.20914659078546e-35 7.20914659231904e-35 7.20914659071426e-35 1.53358086800201e-44 1.53358086800201e-44 1.53358086800201e-44
6 4 7.56127837617365e-35 2.3083231383939e-39 3.46287683002341e-39 2.36229309699781e-39 2.36229309699781e-39 2.36229309699781e-39 2.36230822674885e-39 1.1545889073709e-39 1.15458890769016e-39 1.15458890769016e-39 1.51300703021597e-44 1.51300703052957e-44 1.51300703086234e-44 1.51303768941503e-44 1.51301714282239e-44 7.56385562648795e-35 7.56385562648795e-35 7.56385562648794e-35
6 5 1.5705234271754e-34 1.5705234271754e-34 1.5705234271754e-34 1.5705234271754e-34 1.57052342736704e-34 1.57052342736705e-34 1.91643566435567e-44 1.91643566435567e-44 3.48690314844145e-44 9.33048198056707e-35 9.33048198056707e-35 9.33048198056707e-35 9.33048197865065e-35 9.33048197865063e-35 9.33048197865063e-35 1.82934637757126e-34 1.82934637741421e-34 1.82934637741421e-34
6 6 1.66966772986331e-34 1.66966772986331e-34 1.66966772986331e-34 1.6696677298633e-34 8.17808015065699e-35 8.17808015065701e-35 8.17821017441273e-35 1.30023755773871e-39 -0.0701754385964912 -0.0701754385964912 -0.0701754385964912 -0.0701754385964912 -0.0701754385964912 -0.0701754385964912 -0.0701754385964912 -0.0701754385964912 -0.0701754385964912 7.16707767562091e-35
6 7 -0.0769230769230769 -0.0769230769230769 -0.0769230769230769 -0.0769230769230769 -0.0769230769230769 -0.0769230769230769 -0.0769230769230769 -0.0769230769230769 7.47872896220446e-35 1.53277036726289e-34 1.53276121641125e-34 1.53276121641125e-34 1.53276121641125e-34 1.53276121641125e-34 1.56964857264013e-34 1.56964857264013e-34 1.56964857264013e-34 1.56964857264013e-34
6 8 -0.0740740740740741 -0.0740740740740741 -0.0740740740740741 -0.0740740740740741 -0.0740740740740741 1.9835539859622e-34 2.84651823649064e-34 2.84651823649064e-34 2.09027199805169e-34 2.09027199819446e-34 2.09027199840391e-34 2.09027199840391e-34 1.44102241432265e-34 1.61893184956274e-34 7.55967598841551e-35 7.55967598841551e-35 7.55967598841551e-35 7.55967598841551e-35
6 9 1.01184350043432e-39 1.01184350043432e-39 1.01184350043431e-39 1.01184350043431e-39 1.01186609355571e-39 9.70680571550661e-35 9.70670453115656e-35 9.70670453115656e-35 1.94148960604076e-34 1.94148960604076e-34 2.56519232783826e-34 3.49689337746081e-34 3.49689337723488e-34 2.52622292453532e-34 2.52622292476122e-34 2.52622292476122e-34 1.55540377206232e-34 1.55540377206232e-34
6 10 1.40834103090376e-34 1.40835025839182e-34 1.40835025822007e-34 2.24538076123827e-34 1.50769513259162e-34 1.50769513245088e-34 8.37070949840035e-35 8.37068923094711e-35 8.37068923094711e-35 8.37060198342288e-35 8.3705097085423e-35 8.20224012017053e-40 8.2022401201705e-40 8.20241945640947e-40 7.04489163659234e-35 7.04489163659234e-35 7.04489163659234e-35 7.04480961419116e-35
6 11 1.24787915577593e-39 1.24787915577593e-39 1.24787915577593e-39 2.06519505202517e-49 4.48949811927273e-49 9.39545502479524e-40 9.39545502479524e-40 9.39558240555775e-40 2.08532768104853e-39 2.08532768104853e-39 2.08532768125514e-39 6.83071845780874e-35 6.83071845780874e-35 6.83071845780872e-35 6.83062450325851e-35 6.83062450325851e-35 -0.0701754385964912 -0.0701754385964912
6 12 1.08676129229227e-39 1.08676129229227e-39 1.08676129255675e-39 1.08676129255675e-39 5.84335011112337e-35 5.84335011112337e-35 -0.0666666666666667 -0.0666666666666667 -0.0666666666666667 -0.0666666666666667 -0.0666666666666667 -0.0666666666666667 -0.0666666666666667 -0.0666666666666667 -0.0666666666666667 1.88061997124813e-39 1.88061997124813e-39 6.4803014841484e-35
6 13 -0.0645161290322581 -0.0645161290322581 -0.0645161290322581 -0.0645161290322581 -0.0645161290322581 5.03608619028711e-35 5.03608618765561e-35 5.03608618765561e-35 5.03608618933469e-35 5.03599050057259e-35 5.03599050057259e-35 5.03599050057259e-35 5.03599050057259e-35 5.03589940212549e-35 3.06691280390696e-44 3.06691280390696e-44 3.06691280397431e-44 3.06691280397431e-44
6 14 1.04919769720244e-39 1.04919769720244e-39 1.04919769720244e-39 1.04919769754063e-39 1.04919769754063e-39 8.00148865548457e-35 8.0014886548698e-35 8.0014886548698e-35 8.00138373731649e-35 8.00138373731649e-35 8.00138373731646e-35 8.00138373731646e-35 8.00138373731646e-35 1.6016084287575e-44 2.07012220529418e-63 2.0701222055405e-63 2.07012220533848e-63 2.07012220533848e-63
6 15 7.01785714657624 7.00396825354807 7.00396825354807 7.00396825354807 7.00396825354807 7.00000000001035 8.25145343180805e-40 8.25160424693763e-40 8.2514783924388e-40 8.2514783924388e-40 8.25147839454851e-40 5.66984777815249e-35 5.66984777815249e-35 -0.0555555555555556 -0.0555555555555556 -0.0555555555555556 -0.0555555555555556 -0.0555555555555556
6 16 NA NA NA NA NA NA NA NA NA NA NA NA NA NA NA NA NA NA
6 17 1.64447437836624e-34 1.64447437836624e-34 1.64447437836624e-34 1.64447437851269e-34 1.20482616191303e-34 1.20481863202379e-34 1.09652663049651e-34 1.09652663059893e-34 1.09651909748236e-34 1.69839381587732e-34 1.06865119256582e-34 1.06865119256582e-34 1.06865119256582e-34 1.06865119256582e-34 1.06865119241937e-34 1.06865119241937e-34 1.67084461878973e-34 1.20406814486774e-34
6 18 1.00478297280729e-39 -0.0307692307692308 -0.0615384615384615 -0.0615384615384615 -0.0615384615384615 -0.0615384615384615 -0.0615384615384615 -0.0615384615384615 -0.0615384615384615 -0.0615384615384615 -0.0615384615384615 1.78063702592808e-39 1.78062584737039e-39 9.12918918438982e-40 9.12930107817828e-40 9.12930107817828e-40 1.11893788461293e-44 7.16689953952715e-35
6 19 9.61458226319783e-35 1.40697455493742e-34 1.40697455482287e-34 1.40697455482287e-34 1.40697455482286e-34 8.68099542906587e-35 8.68099542906587e-35 4.45516328742984e-35 4.45516328742984e-35 4.45522418664281e-35 4.45522418538941e-35 4.45522418538941e-35 4.45522418538943e-35 4.45522418538942e-35 6.08992130330928e-40 6.08992130330928e-40 1.36043777167046e-39 2.1460472721676e-39
6 20 1.8580765887847e-34 1.85807658890487e-34 1.85807658890487e-34 1.85807658890487e-34 1.85807658902481e-34 1.85807658902481e-34 1.85774511859931e-34 1.80143375488518e-34 1.80143375488518e-34 -0.0294117647058824 -0.0588235294117647 -0.0588235294117647 -0.0588235294117647 -0.0588235294117647 -0.0588235294117647 -0.0588235294117647 -0.0588235294117647 -0.0588235294117647
6 21 4.10627151739159e-35 4.10627151739159e-35 4.10627151739158e-35 4.10620553343714e-35 4.10626830314765e-35 4.10633098347498e-35 4.10639038472882e-35 4.10639038472882e-35 4.10639038472882e-35 2.50861761054766e-39 3.33121005611833e-39 3.33121005611833e-39 3.33122211545188e-39 3.33122211545188e-39 2.67113706017383e-39 2.67113706017383e-39 2.67113706017383e-39 2.67113706017383e-39
6 22 8.25435911842254e-40 8.25435911842252e-40 8.25435911842252e-40 8.25435911842252e-40 1.73122789993794e-39 1.73122789993794e-39 1.73122789993794e-39 1.73122789993794e-39 1.73122790016814e-39 1.73122790036022e-39 1.73122790036022e-39 9.0579198851797e-40 1.64959699056711e-39 0.00624295111954061 0.00282771779175923 0.00398402154175923 -0.058106163180463 -0.058106163180463
6 23 -0.0556112683585121 -0.0556112683585121 -0.0556112683585121 -0.0556112683585121 -0.0556112683585121 -0.0556112683585121 -0.0556112683585121 -0.0555555555555556 -0.0555555555555556 5.14216076082092e-35 5.14216075968645e-35 5.14216075968645e-35 5.14216075968645e-35 5.14216075968645e-35 5.14216075968645e-35 5.14216075956092e-35 5.14216075956092e-35 1.18871032634153e-34
6 24 -0.000596212986124991 -0.000596212986124991 -0.000189301557443925 0.000363409830379972 0.000626656641659155 0.000817126616506781 0.000858526677410063 0.000858526677410063 0.000504868726284406 4.60307096702326e-35 0.0137451113098577 0.0137451113098577 0.0137451113098577 0.0137451113098577 0.0137451113098577 0.0137451113098577 0.0137451113098577 0.0137451113098577
6 25 -0.026836184478729 -0.026836184478729 -0.026836184478729 -0.026836184478729 -0.026836184478729 -0.027397268439142 5.59938851578327e-35 5.59938851578327e-35 1.09276395189573e-34 1.09276395203824e-34 1.09276395203824e-34 1.09276395203824e-34 5.32842581320687e-35 5.3283444000422e-35 5.32834440159136e-35 1.09266049412346e-34 1.09267063566811e-34 1.59983373448038e-34
6 26 8.71939801410209e-35 8.71939801410211e-35 0.00181118124409726 -0.0211919985319439 -0.0211919985319439 -0.0211919985319439 -0.0211919985319439 -0.0211919985319439 -0.0211919985319439 -0.0211919985319439 -0.0211919985319439 -0.0211919985319439 -0.0202980572357729 -0.0484250357964144 -0.0484250357964144 -0.0254218560203733 -0.0254218560203733 -0.0254218560203733
6 27 -0.0307288743758573 -0.0307288743758573 -0.0307288743758573 -0.0307288743758573 -0.0307288743758573 -0.0270270350818563 6.30456778689701e-35 6.30463609258967e-35 6.30454395936939e-35 6.30454395936939e-35 6.304543957902e-35 6.304543957902e-35 1.32625892599198e-39 1.32625892599198e-39 6.83067352104567e-40 1.36689991190831e-39 1.36689991214143e-39 6.29948861630416e-35
6 28 9.24637035586939e-35 9.24637035586939e-35 9.24643724114681e-35 0.000664611533284187 0.000664611533284187 -0.0465850632637739 -0.0465850632637739 -0.0465850632637739 -0.0465850632637739 -0.0465850632637739 -0.0465850632637739 -0.0465850632637739 -0.0465850632637739 -0.0458871866343522 -0.0458871866343522 -0.0708871940850692 -0.0715518056183534 -0.0243021308212953
6 29 -3.8938973645217e+152 -3.8938973645217e+152 -0.0326182185958743 -0.0293591458947379 -0.0276085110465302 -0.0274807006553563 -0.00694691867077836 0.000292565597907709 0.00846613585075471 0.0106506620627283 0.0109700474645881 0.0124960376381655 0.0503000512152265 0.0482244480104336 0.0444434660392396 0.04748156040475 0.0471231058455897 0.0462614993254345
6 30 1.22118113239645e-34 1.22118113239645e-34 1.22117306858385e-34 6.3799763763663e-35 1.05845369312397e-39 1.05845369329206e-39 1.05845369329205e-39 1.48723335565322e-44 1.48721752824441e-44 1.4872175285905e-44 1.48721752833385e-44 1.0167971735735e-39 1.90648570796735e-39 1.90648570796735e-39 1.90648570779931e-39 1.90647083596016e-39 1.90647083579208e-39 1.90647083579208e-39
